12 12 o 85.5
11 11 o 82.9
10 10 o 80.7
9 9 o 78.1
8 8 o 75.6
7 7 o 72.6
6 6 o 69.7
12 11 s 67.2
5 5 o 66.8
12 10 s 66.5
11 10 s 65.9
12 9 s 65.5
12 11 o 65.5
11 9 s 64.9
12 10 o 64.8
10 9 s 64.4
12 8 s 64.2
11 10 o 64.0
4 4 o 63.8
12 9 o 63.6
11 8 s 63.5
11 9 o 63.0
10 8 s 62.9
9 8 s 62.5
10 9 o 62.4
12 8 o 62.3
12 7 s 61.8
11 8 o 61.6
10 8 o 60.9
11 7 s 60.8
3 3 o 60.7
9 8 o 60.4
12 6 s 60.4
10 7 s 60.1
12 7 o 59.7
9 7 s 59.5
8 7 s 59.0
11 7 o 58.8
11 6 s 58.7
12 5 s 58.6
10 7 o 58.0
12 6 o 58.0
10 6 s 57.7
9 7 o 57.4
2 2 o 57.2
12 4 s 57.2
11 5 s 56.9
8 7 o 56.7
9 6 s 56.6
12 5 o 56.4
11 6 o 56.2
8 6 s 55.8
12 3 s 55.7
7 6 s 55.3
10 6 o 55.2
11 4 s 54.9
12 4 o 54.8
10 5 s 54.6
12 2 s 54.4
9 6 o 54.3
11 5 o 54.2
1 1 o 53.8
9 5 s 53.8
8 6 o 53.5
11 3 s 53.5
12 1 s 53.5
10 4 s 53.1
8 5 s 53.0
12 3 o 52.9
12 0 s 52.8
7 6 o 52.6
11 4 o 52.4
11 2 s 52.3
7 5 s 52.2
10 5 o 52.0
12 2 o 51.8
11 1 s 51.4
6 5 s 51.1
10 3 s 51.1
9 5 o 51.0
9 4 s 50.9
12 1 o 50.9
11 3 o 50.6
0 0 o 50.3
10 4 o 50.3
11 0 s 50.3
8 5 o 50.2
8 4 s 50.1
12 0 o 49.9
10 2 s 49.8
11 2 o 49.3
9 3 s 49.1
7 5 o 49.0
10 1 s 49.0
7 4 s 48.9
6 5 o 48.4
11 1 o 48.3
10 0 s 48.2
10 3 o 48.2
6 4 s 48.1
9 4 o 47.8
9 2 s 47.5
5 4 s 47.4
11 0 o 47.3
8 4 o 47.0
9 1 s 46.9
8 3 s 46.8
10 2 o 46.8
9 0 s 46.1
9 3 o 46.0
10 1 o 46.0
7 4 o 45.9
7 3 s 45.6
8 2 s 45.5
10 0 o 45.0
6 4 o 44.9
6 3 s 44.7
8 1 s 44.6
9 2 o 44.5
5 4 o 44.2
4 3 s 44.0
5 3 s 43.9
8 0 s 43.9
9 1 o 43.6
8 3 o 43.5
7 2 s 42.9
7 1 s 42.6
9 0 o 42.6
7 3 o 42.4
8 2 o 42.3
6 2 s 42.0
5 2 s 41.4
6 3 o 41.4
7 0 s 41.4
8 1 o 41.3
4 2 s 41.2
5 3 o 40.5
4 3 o 40.3
8 0 o 40.3
6 1 s 40.0
7 2 o 39.7
3 2 s 39.6
6 0 s 39.5
4 1 s 39.4
5 1 s 39.1
7 1 o 39.0
6 2 o 38.5
7 0 o 38.1
3 1 s 37.7
5 2 o 37.6
4 2 o 37.4
5 0 s 37.4
4 0 s 37.2
6 1 o 36.5
2 1 s 36.3
3 2 o 35.8
6 0 o 35.7
5 1 o 35.6
3 0 s 35.5
4 1 o 35.4
2 0 s 34.4
3 1 o 33.8
1 0 s 33.7
5 0 o 33.4
4 0 o 33.3
2 1 o 32.6
3 0 o 31.7
2 0 o 30.5
1 0 o 29.7