0 0 o 122805 244031 50.3
1 0 o 138675 466583 29.7
1 0 s 52404 155322 33.7
1 1 o 131470 244099 53.8
2 0 o 141943 465043 30.5
2 0 s 53626 155865 34.4
2 1 o 152101 466175 32.6
2 1 s 56661 155728 36.3
2 2 o 139788 244360 57.2
3 0 o 148298 466417 31.7
3 0 s 55412 155772 35.5
3 1 o 157954 466752 33.8
3 1 s 58961 156134 37.7
3 2 o 166793 464885 35.8
3 2 s 61453 155157 39.6
3 3 o 148653 244652 60.7
4 0 o 155581 466833 33.3
4 0 s 57954 155741 37.2
4 1 o 165128 466055 35.4
4 1 s 61550 155990 39.4
4 2 o 174739 466470 37.4
4 2 s 64362 155933 41.2
4 3 o 188491 467053 40.3
4 3 s 68758 156243 44.0
4 4 o 156836 245545 63.8
5 0 o 156363 467807 33.4
5 0 s 58669 156848 37.4
5 1 o 166654 467299 35.6
5 1 s 61049 155747 39.1
5 2 o 176114 467206 37.6
5 2 s 64925 156598 41.4
5 3 o 189067 466075 40.5
5 3 s 68826 156479 43.9
5 4 o 207170 468371 44.2
5 4 s 74146 156266 47.4
5 5 o 164087 245280 66.8
6 0 o 167883 469245 35.7
6 0 s 62021 156788 39.5
6 1 o 171988 470902 36.5
6 1 s 62675 156477 40.0
6 2 o 180582 468284 38.5
6 2 s 65994 157111 42.0
6 3 o 194575 469407 41.4
6 3 s 70128 156602 44.7
6 4 o 211702 470579 44.9
6 4 s 76144 158132 48.1
6 5 o 228096 470708 48.4
6 5 s 80488 157335 51.1
6 6 o 171557 245912 69.7
7 0 o 179317 470505 38.1
7 0 s 65029 156997 41.4
7 1 o 183588 470319 39.0
7 1 s 66903 156767 42.6
7 2 o 187237 471261 39.7
7 2 s 67527 157155 42.9
7 3 o 199707 470879 42.4
7 3 s 71720 157053 45.6
7 4 o 216616 471269 45.9
7 4 s 76989 157404 48.9
7 5 o 231990 472514 49.0
7 5 s 82551 158016 52.2
7 6 o 249558 474099 52.6
7 6 s 87653 158281 55.3
7 7 o 178705 245902 72.6
8 0 o 190326 471270 40.3
8 0 s 69432 157951 43.9
8 1 o 195183 471901 41.3
8 1 s 70145 157001 44.6
8 2 o 199371 471308 42.3
8 2 s 71627 157116 45.5
8 3 o 205595 472123 43.5
8 3 s 73929 157760 46.8
8 4 o 222787 473404 47.0
8 4 s 79571 158724 50.1
8 5 o 237847 473644 50.2
8 5 s 83997 158207 53.0
8 6 o 255368 476606 53.5
8 6 s 88956 159158 55.8
8 7 o 269978 475962 56.7
8 7 s 93777 158866 59.0
8 8 o 186521 246456 75.6
9 0 o 201802 472985 42.6
9 0 s 73015 158042 46.1
9 1 o 206792 473578 43.6
9 1 s 74164 158019 46.9
9 2 o 210852 473192 44.5
9 2 s 75488 158795 47.5
9 3 o 218270 473631 46.0
9 3 s 77462 157457 49.1
9 4 o 227138 475070 47.8
9 4 s 80864 158555 51.0
9 5 o 243478 476586 51.0
9 5 s 85320 158588 53.7
9 6 o 258945 476700 54.3
9 6 s 90183 159228 56.6
9 7 o 275070 478901 57.4
9 7 s 95097 159727 59.5
9 8 o 290061 480104 60.4
9 8 s 100019 159964 62.5
9 9 o 192959 246784 78.1
10 0 o 213848 474771 45.0
10 0 s 76139 157920 48.2
10 1 o 218491 474830 46.0
10 1 s 77587 158302 49.0
10 2 o 222407 475102 46.8
10 2 s 78592 157590 49.8
10 3 o 228695 473790 48.2
10 3 s 81130 158463 51.1
10 4 o 240339 477392 50.3
10 4 s 84333 158803 53.1
10 5 o 247756 476099 52.0
10 5 s 87201 159480 54.6
10 6 o 263446 477168 55.2
10 6 s 92497 160077 57.7
10 7 o 278253 479676 58.0
10 7 s 96188 159875 60.1
10 8 o 293106 481006 60.9
10 8 s 100411 159580 62.9
10 9 o 300848 481650 62.4
10 9 s 103968 161273 64.4
10 10 o 199070 246675 80.7
11 0 o 225778 476957 47.3
11 0 s 79893 158657 50.3
11 1 o 230065 475546 48.3
11 1 s 81811 159072 51.4
11 2 o 234574 474857 49.3
11 2 s 82891 158465 52.3
11 3 o 240737 475150 50.6
11 3 s 85242 159124 53.5
11 4 o 250402 476955 52.5
11 4 s 87744 159605 54.9
11 5 o 259218 477417 54.2
11 5 s 90649 159243 56.9
11 6 o 269350 479080 56.2
11 6 s 94126 160347 58.7
11 7 o 283214 481044 58.8
11 7 s 97840 160753 60.8
11 8 o 296932 481785 61.6
11 8 s 102070 160686 63.5
11 9 o 304275 482644 63.0
11 9 s 104475 160919 64.9
11 10 o 310827 484902 64.1
11 10 s 106989 162299 65.9
11 11 o 204814 246834 82.9
12 0 o 238043 476529 49.9
12 0 s 84003 159081 52.8
12 1 o 242195 475525 50.9
12 1 s 85274 159228 53.5
12 2 o 246815 476373 51.8
12 2 s 86799 159353 54.4
12 3 o 252103 476344 52.9
12 3 s 88588 158871 55.7
12 4 o 261422 476933 54.8
12 4 s 91432 159693 57.2
12 5 o 270755 479283 56.4
12 5 s 93583 159450 58.6
12 6 o 278981 480329 58.0
12 6 s 96978 160371 60.4
12 7 o 288759 483110 59.7
12 7 s 99326 160469 61.8
12 8 o 301930 484038 62.3
12 8 s 103618 161202 64.2
12 9 o 308658 484643 63.6
12 9 s 106051 161895 65.5
12 10 o 314634 485419 64.8
12 10 s 107573 161577 66.5
12 11 o 318532 486107 65.5
12 11 s 108965 162142 67.2
12 12 o 211164 246934 85.5
