12 12 o 85.5
11 11 o 83.3
10 10 o 80.6
9 9 o 78.2
8 8 o 75.7
7 7 o 72.9
6 6 o 69.8
12 11 s 67.6
5 5 o 67.0
12 10 s 66.6
11 10 s 66.1
12 9 s 65.8
12 11 o 65.7
11 9 s 65.0
12 10 o 64.8
10 9 s 64.6
12 8 s 64.5
11 10 o 64.3
4 4 o 64.0
12 9 o 64.0
11 8 s 63.7
11 9 o 63.1
10 8 s 62.9
9 8 s 62.7
10 9 o 62.5
12 8 o 62.4
12 7 s 61.9
11 8 o 61.7
11 7 s 61.1
10 8 o 60.9
3 3 o 60.5
9 8 o 60.5
10 7 s 60.5
12 6 s 60.4
9 7 s 59.8
12 7 o 59.8
8 7 s 59.2
12 5 s 59.0
11 7 o 58.9
11 6 s 58.7
10 7 o 58.3
12 6 o 58.2
10 6 s 57.9
9 7 o 57.6
12 4 s 57.6
2 2 o 57.3
11 5 s 57.1
8 7 o 57.0
9 6 s 56.9
8 6 s 56.4
12 5 o 56.4
11 6 o 56.2
12 3 s 55.9
7 6 s 55.6
11 4 s 55.4
10 6 o 55.3
10 5 s 54.9
12 4 o 54.8
9 6 o 54.5
12 2 s 54.5
11 5 o 54.4
9 5 s 54.0
1 1 o 53.9
8 6 o 53.7
12 1 s 53.7
11 3 s 53.5
8 5 s 53.4
7 6 o 53.1
12 3 o 53.1
10 4 s 53.0
12 0 s 52.6
11 4 o 52.5
7 5 s 52.4
10 5 o 52.2
11 2 s 52.2
12 2 o 51.8
6 5 s 51.6
10 3 s 51.4
9 5 o 51.3
11 1 s 51.3
12 1 o 51.1
9 4 s 50.9
10 4 o 50.6
11 3 o 50.6
11 0 s 50.5
0 0 o 50.4
8 5 o 50.4
8 4 s 50.3
12 0 o 50.1
10 2 s 50.0
7 5 o 49.5
9 3 s 49.3
11 2 o 49.3
7 4 s 49.1
10 1 s 49.1
6 5 o 48.8
6 4 s 48.6
10 3 o 48.4
11 1 o 48.4
9 4 o 48.1
10 0 s 48.1
5 4 s 47.8
9 2 s 47.7
11 0 o 47.5
8 4 o 47.2
10 2 o 47.0
9 1 s 46.7
8 3 s 46.6
9 0 s 46.2
9 3 o 46.2
10 1 o 46.1
7 4 o 46.0
8 2 s 46.0
7 3 s 45.9
6 4 o 45.1
10 0 o 45.0
6 3 s 44.9
9 2 o 44.9
8 1 s 44.8
5 4 o 44.4
4 3 s 44.0
5 3 s 44.0
8 0 s 44.0
9 1 o 43.8
8 3 o 43.6
7 2 s 43.2
9 0 o 42.9
7 1 s 42.6
7 3 o 42.5
6 2 s 42.4
8 2 o 42.3
7 0 s 41.6
8 1 o 41.5
5 2 s 41.4
6 3 o 41.4
4 2 s 41.1
5 3 o 40.8
4 3 o 40.6
8 0 o 40.6
6 1 s 40.3
3 2 s 39.9
7 2 o 39.8
5 1 s 39.4
6 0 s 39.4
4 1 s 39.3
7 1 o 39.1
6 2 o 38.6
7 0 o 38.1
3 1 s 37.8
5 2 o 37.8
4 2 o 37.5
4 0 s 37.3
5 0 s 37.3
2 1 s 36.6
6 1 o 36.6
6 0 o 36.0
3 2 o 35.9
3 0 s 35.7
5 1 o 35.7
4 1 o 35.5
2 0 s 34.6
3 1 o 33.9
1 0 s 33.6
5 0 o 33.6
4 0 o 33.4
2 1 o 32.7
3 0 o 31.7
2 0 o 30.4
1 0 o 29.7