0 0 o 121279 240537 50.4
1 0 o 136368 459077 29.7
1 0 s 51929 154244 33.6
1 1 o 129919 240706 53.9
2 0 o 140039 459772 30.4
2 0 s 53174 153593 34.6
2 1 o 150528 459541 32.7
2 1 s 56232 153262 36.6
2 2 o 138292 241338 57.3
3 0 o 145960 460112 31.7
3 0 s 55214 154319 35.7
3 1 o 156236 459948 33.9
3 1 s 57748 152735 37.8
3 2 o 164977 458832 35.9
3 2 s 61516 154045 39.9
3 3 o 146339 241521 60.5
4 0 o 153485 459309 33.4
4 0 s 57455 153979 37.3
4 1 o 163401 459414 35.5
4 1 s 60711 154221 39.3
4 2 o 172622 460155 37.5
4 2 s 63159 153654 41.1
4 3 o 186796 459724 40.6
4 3 s 67591 153569 44.0
4 4 o 154637 241514 64.0
5 0 o 155476 462613 33.6
5 0 s 57769 154689 37.3
5 1 o 164957 461027 35.7
5 1 s 61013 154568 39.4
5 2 o 174826 461547 37.8
5 2 s 64273 155118 41.4
5 3 o 188300 461506 40.8
5 3 s 68369 155276 44.0
5 4 o 205869 463661 44.4
5 4 s 74065 154718 47.8
5 5 o 162804 242658 67.0
6 0 o 166924 462797 36.0
6 0 s 61127 154881 39.4
6 1 o 170105 463732 36.6
6 1 s 62663 155318 40.3
6 2 o 178978 462632 38.6
6 2 s 65853 155030 42.4
6 3 o 192971 465024 41.4
6 3 s 69710 155155 44.9
6 4 o 209664 464412 45.1
6 4 s 75364 154935 48.6
6 5 o 227353 465298 48.8
6 5 s 80702 156260 51.6
6 6 o 169864 243045 69.8
7 0 o 177256 464039 38.1
7 0 s 64523 155032 41.6
7 1 o 181717 464259 39.1
7 1 s 66365 155612 42.6
7 2 o 185376 465038 39.8
7 2 s 67028 154999 43.2
7 3 o 197667 465024 42.5
7 3 s 71594 155809 45.9
7 4 o 214290 465368 46.0
7 4 s 76787 156096 49.1
7 5 o 231318 467133 49.5
7 5 s 81541 155471 52.4
7 6 o 249686 469588 53.1
7 6 s 87080 156467 55.6
7 7 o 176734 242404 72.9
8 0 o 189924 467106 40.6
8 0 s 68903 156440 44.0
8 1 o 193416 465627 41.5
8 1 s 70249 156706 44.8
8 2 o 197026 465077 42.3
8 2 s 71773 156009 46.0
8 3 o 203537 466267 43.6
8 3 s 72653 155782 46.6
8 4 o 221267 468552 47.2
8 4 s 78823 156607 50.3
8 5 o 236719 469588 50.4
8 5 s 83860 156976 53.4
8 6 o 253609 472210 53.7
8 6 s 89038 157640 56.4
8 7 o 270327 473460 57.0
8 7 s 93942 158662 59.2
8 8 o 184817 243871 75.7
9 0 o 200821 467923 42.9
9 0 s 72344 156418 46.2
9 1 o 204940 466975 43.8
9 1 s 72801 155668 46.7
9 2 o 210191 467988 44.9
9 2 s 74645 156246 47.7
9 3 o 215937 467243 46.2
9 3 s 77350 156653 49.3
9 4 o 226343 470286 48.1
9 4 s 79786 156712 50.9
9 5 o 241889 471278 51.3
9 5 s 85151 157611 54.0
9 6 o 257292 471982 54.5
9 6 s 90084 158140 56.9
9 7 o 273641 474625 57.6
9 7 s 94846 158424 59.8
9 8 o 288913 477138 60.5
9 8 s 99491 158652 62.7
9 9 o 190837 243962 78.2
10 0 o 211198 468322 45.0
10 0 s 75208 156157 48.1
10 1 o 216530 469390 46.1
10 1 s 76931 156601 49.1
10 2 o 220780 468784 47.0
10 2 s 77985 155732 50.0
10 3 o 227718 469680 48.4
10 3 s 80820 157191 51.4
10 4 o 237884 470053 50.6
10 4 s 83573 157504 53.0
10 5 o 247148 472586 52.2
10 5 s 86485 157404 54.9
10 6 o 262177 474031 55.3
10 6 s 91335 157639 57.9
10 7 o 277541 475848 58.3
10 7 s 95780 158221 60.5
10 8 o 291373 477821 60.9
10 8 s 100104 159093 62.9
10 9 o 299355 478534 62.5
10 9 s 103024 159274 64.6
10 10 o 197080 244240 80.6
11 0 o 223618 470140 47.5
11 0 s 78876 156155 50.5
11 1 o 227526 469918 48.4
11 1 s 80786 157227 51.3
11 2 o 231572 469127 49.3
11 2 s 81696 156361 52.2
11 3 o 238628 471009 50.6
11 3 s 84119 156981 53.5
11 4 o 248245 472032 52.5
11 4 s 87110 157036 55.4
11 5 o 257934 473395 54.4
11 5 s 90155 157803 57.1
11 6 o 266857 474570 56.2
11 6 s 93153 158639 58.7
11 7 o 281259 477131 58.9
11 7 s 97108 158914 61.1
11 8 o 295620 479110 61.7
11 8 s 101231 158836 63.7
11 9 o 302790 479787 63.1
11 9 s 104365 160544 65.0
11 10 o 308408 479556 64.3
11 10 s 106141 160432 66.1
11 11 o 203266 243942 83.3
12 0 o 236336 471489 50.1
12 0 s 82844 157397 52.6
12 1 o 240913 471317 51.1
12 1 s 84372 156992 53.7
12 2 o 244309 470894 51.8
12 2 s 85657 157043 54.5
12 3 o 251169 472204 53.1
12 3 s 87900 157035 55.9
12 4 o 259942 473648 54.8
12 4 s 91160 158247 57.6
12 5 o 267935 474674 56.4
12 5 s 93262 157953 59.0
12 6 o 277475 476168 58.2
12 6 s 95795 158510 60.4
12 7 o 285749 477500 59.8
12 7 s 98742 159411 61.9
12 8 o 298217 477818 62.4
12 8 s 102972 159632 64.5
12 9 o 306994 479443 64.0
12 9 s 105630 160406 65.8
12 10 o 313016 482465 64.8
12 10 s 107264 160826 66.6
12 11 o 316758 481778 65.7
12 11 s 108463 160381 67.6
12 12 o 208458 243709 85.5
